770.000000 350.000000 3 0 0 0 0
770.000000 350.000000 3 0 0 0 0
370.000000 570.000000 0 0 0 0 0
450.000000 0.000000 1 0 0 0 0
770.000000 350.000000 3 0 0 0 0
370.000000 570.000000 0 0 0 0 0
0.000000 270.000000 2 0 0 0 0
770.000000 350.000000 3 1 2 0 0
770.000000 270.000000 3 0 0 0 0
0.000000 270.000000 2 0 0 0 0
370.000000 570.000000 0 0 0 0 0
0.000000 350.000000 2 0 0 0 0
770.000000 270.000000 3 0 0 0 0
370.000000 570.000000 0 3 0 0 0
770.000000 350.000000 3 0 0 0 0
0.000000 350.000000 2 0 0 0 0
0.000000 270.000000 2 0 0 0 0
